0,3
0,43
0,69
0,80
0,95
1,33
1,62
2,22
2,50
4,11
4,88
5,67
6,20
6,73
7,28
7,40
7,95
8,60
10,17
10,33
10,54
10,66
10,83
11,0
11,73
11,99
12,79
13,39
13,44
14,8
15,17
15,49
16,66
16,92
16,99
17,3
17,32
17,85
18,43
18,59
20,22
20,96
21,11
21,73
21,80
21,85
24,5
24,53
24,61
24,67
24,88
25,93
26,40
26,78
27,99
28,31
28,84
29,2
29,47
29,72
30,23
30,61
31,91
32,14
33,7
33,77
34,38
34,42
34,55
34,71
34,98
35,84
36,1
36,48
37,20
37,91
38,61
38,74
39,15
39,37
39,67
39,95
41,26
41,45
41,81
41,87
41,99
42,9
42,92
43,21
44,38
45,4
45,31
45,60
46,14
46,76
47,67
47,95
48,51
49,26
49,87
50,13
51,44
52,6
52,33
53,1
53,4
53,65
53,77
54,37
54,51
55,47
56,20
56,82
56,97
57,41
57,73
58,13
58,60
59,2
59,89
60,44
61,29
61,65
62,37
62,76
63,7
64,0
64,16
64,80
64,99
65,23
65,72
66,87
67,51
67,93
68,11
69,27
69,35
70,44
70,60
71,66
72,0
72,6
72,21
72,82
73,90
73,97
75,37
75,53
76,73
77,11
78,17
78,46
78,78
80,1
80,58
80,85
81,11
81,29
81,50
83,38
83,72
84,6
84,43
84,95
86,21
87,54
87,82
88,63
89,13
89,90
90,26
90,33
90,43
91,3
91,96
92,19
92,26
92,67
92,78
94,53
95,48
96,11
96,40
96,59
97,0
97,27
97,98
98,35
98,46
98,63
98,85
99,20
99,42
99,50
99,67
99,72
